# r12 -- all 29 declared arms (PREREG sha 17dd2db7b116b262). g = net_ex/gross_total, bps/anchor/unit gross.
# ALPHA window: post-warm drop 900, n=9199, 2022-06-30 00Z .. 2026-09-10 00Z.  TAIL window: NO warm drop, 1683 whole UTC days.
# A0 = R12_GATEP_s42 (bitwise == archived R9_A1x_ext_s42).  Bonferroni K=29 -> pct 0.086207/99.913793.
# gate(e) firing-rate band declared up front = [0.5%%, 25%%] of anchors.

arm                                   dg   ci95_lo   ci95_hi    b29_lo    b29_hi   dSharpe   dturn%    fire%      dpnl    dcarry     dcost   dg@3.2x  worstday   le4/yr    maxDD
R12_BYP_either_90_a100_s42      -0.14180  -0.31285  +0.02401  -0.41683  +0.12245   -0.2709   +70.37     8.61  -0.06760  -0.04896  +0.12316  -0.41481   -11.171    1.084    40.07
R12_BYP_either_95_a030_s42      -0.04248  -0.12081  +0.03611  -0.16219  +0.08297   -0.0858    +9.95     4.15  -0.04093  -0.01587  +0.01742  -0.08109   -11.171    1.301    42.07
R12_BYP_either_95_a100_s42      -0.13836  -0.28258  +0.00446  -0.34434  +0.09360   -0.2613   +34.88     4.15  -0.10571  -0.02840  +0.06104  -0.27368   -11.171    1.301    41.24
R12_BYP_rally_90_a100_s42       -0.03713  -0.14864  +0.07755  -0.22571  +0.13242   -0.0738   +21.95     2.72  -0.01578  -0.01706  +0.03842  -0.12229   -11.171    1.735    45.51
R12_BYP_rally_95_a030_s42       -0.03315  -0.07510  +0.00819  -0.10906  +0.02787   -0.0643    +2.63     1.07  -0.03174  -0.00319  +0.00459  -0.04333   -11.171    1.518    43.36
R12_BYP_rally_95_a100_s42       -0.07005  -0.16119  +0.01846  -0.22312  +0.07947   -0.1327    +9.09     1.07  -0.06445  -0.01031  +0.01591  -0.10532   -11.171    1.518    45.93
R12_BYP_rev_90_a100_s42         -0.09714  -0.24336  +0.04749  -0.31936  +0.11714   -0.1787   +47.08     5.89  -0.05845  -0.04371  +0.08240  -0.27979   -11.171    1.301    34.43
R12_BYP_rev_95_a030_s42         -0.00550  -0.07896  +0.06749  -0.11014  +0.10596   -0.0140    +7.47     3.09  -0.00634  -0.01392  +0.01308  -0.03449   -11.171    1.301    40.48
R12_BYP_rev_95_a100_s42         -0.04469  -0.16751  +0.07572  -0.22539  +0.13585   -0.0804   +25.49     3.09  -0.02621  -0.02614  +0.04461  -0.14358   -11.171    1.301    35.99
R12_CEM_90_derisk_s42           -0.00622  -0.08307  +0.06948  -0.13582  +0.10892   -0.0015    +4.42    14.52  -0.07761  -0.07913  +0.00773  -0.02335   -11.171    1.084    41.71
R12_CEM_90_neutral_s42          -0.00087  -0.07797  +0.07648  -0.13051  +0.11876   +0.0098    +4.89    14.51  -0.07123  -0.07891  +0.00856  -0.01984   -11.171    1.084    41.60
R12_CEM_95_derisk_s42           +0.03673  -0.01601  +0.09233  -0.04650  +0.13368   +0.0772    +1.57     8.01  -0.01328  -0.05277  +0.00275  +0.03063   -11.171    1.084    40.89
R12_CEM_95_neutral_s42          +0.03505  -0.01822  +0.09263  -0.04543  +0.13557   +0.0746    +1.72     8.02  -0.01487  -0.05293  +0.00301  +0.02838   -11.171    1.084    40.79
R12_CEM_99_derisk_s42           +0.03717  -0.00436  +0.08410  -0.01987  +0.11599   +0.0753    +0.24     1.53  +0.01516  -0.02243  +0.00042  +0.03623   -11.171    1.084    40.89
R12_CEM_99_neutral_s42          +0.03797  -0.00451  +0.08508  -0.02101  +0.11583   +0.0769    +0.27     1.53  +0.01599  -0.02246  +0.00048  +0.03692   -11.171    1.084    40.92
R12_IAS_th200_phi00             -0.19061  -0.31852  -0.06940  -0.39271  -0.00651   -0.3510   +37.71     1.20  -0.09724  -0.01811  +0.11149  -0.33692    -4.116    0.217    45.12
R12_IAS_th200_phi50             -0.09531  -0.15926  -0.03470  -0.19636  -0.00325   -0.1644   +18.86     1.20  -0.04862  -0.00906  +0.05574  -0.16846    -6.801    0.434    43.33
R12_IAS_th268_phi00             -0.18135  -0.29792  -0.07798  -0.36931  -0.02801   -0.3553   +19.21     0.61  -0.13265  -0.00807  +0.05677  -0.25587    -4.338    0.434    45.76
R12_IAS_th268_phi50             -0.09067  -0.14896  -0.03899  -0.18465  -0.01401   -0.1740    +9.60     0.61  -0.06632  -0.00404  +0.02839  -0.12793    -7.579    0.434    43.75
R12_IAS_th300_phi00             -0.09425  -0.18727  -0.01833  -0.24965  +0.01602   -0.1875   +10.00     0.32  -0.06835  -0.00360  +0.02949  -0.13304    -4.606    0.651    41.61
R12_IAS_th300_phi50             -0.04712  -0.09363  -0.00916  -0.12483  +0.00801   -0.0911    +5.00     0.32  -0.03418  -0.00180  +0.01475  -0.06652    -7.579    0.434    41.65
R12_ICO_L24_th0228_lam00        +0.01623  -0.09800  +0.13342  -0.14566  +0.19695   +0.0649   +26.08     5.29  +0.03291  -0.02896  +0.04565  -0.08496   -11.171    1.518    44.57
R12_ICO_L24_th0228_lam50        +0.00811  -0.04900  +0.06671  -0.07283  +0.09848   +0.0403   +13.04     5.29  +0.01646  -0.01448  +0.02282  -0.04248   -11.171    1.518    43.17
R12_ICO_L24_th0443_lam00        -0.00400  -0.06887  +0.06794  -0.10144  +0.12140   +0.0019    +7.67     0.74  +0.00516  -0.00426  +0.01342  -0.03374   -11.171    1.518    44.24
R12_ICO_L24_th0443_lam50        -0.00200  -0.03444  +0.03397  -0.05072  +0.06070   +0.0034    +3.83     0.74  +0.00258  -0.00213  +0.00671  -0.01687   -11.171    1.518    43.03
R12_ICO_L42_th0228_lam00        -0.05595  -0.12799  +0.01518  -0.16202  +0.05452   -0.0983   +18.14     1.98  -0.03527  -0.01106  +0.03174  -0.12632   -11.171    1.735    46.91
R12_ICO_L42_th0228_lam50        -0.02798  -0.06399  +0.00759  -0.08101  +0.02726   -0.0460    +9.07     1.98  -0.01763  -0.00553  +0.01587  -0.06316   -11.171    1.735    44.41
R12_ICO_L42_th0443_lam00        -0.00205  -0.00615  +0.00000  -0.01081  +0.00000   -0.0038    +0.71     0.03  -0.00117  -0.00037  +0.00124  -0.00480   -11.171    1.518    41.81
R12_ICO_L42_th0443_lam50        -0.00102  -0.00307  +0.00000  -0.00540  +0.00000   -0.0019    +0.35     0.03  -0.00059  -0.00018  +0.00062  -0.00240   -11.171    1.518    41.81

A0  mean_g 0.6601542686  sharpe 1.2856673499  turn/gross 0.05925175  cost/gross 0.17501189  carry/gross 0.45301706
A0  tail 2.0x: worstday -11.1714  maxDD 41.8137  cagr 25.9774  le4/yr 1.5181 (n=7)  le2.68/yr 5.2050
A0  tail 2.81x: worstday -15.6040  maxDD 54.4108  le4/yr 3.4700
A0  regime Sharpe: {"sigLOW": 0.140572, "sigMID": 0.657624, "sigHIGH": 2.181649}
A0  by year Sharpe: {"2022": 0.009615, "2023": -1.935503, "2024": 1.306646, "2025": 1.24552, "2026": 3.941439}
unit self-check: {"mean_cost_per_gross": 0.18108043836305646, "mean_turn_ex_per_gross": 0.06130630678913107, "ratio": 2.9537, "model_rate": 2.9537, "raw_turnover_mean_file_caliber": 0.03378984054915646, "mean_gross_total": 0.6812517666676247}
rate_book 2.9537  rate_taker 6.757486  reprice_multiple 3.2167