arm                              g_full  SR_full   g_froz  SR_froz   g_24on    g_oos  corrA0 carry/net    yr+
SL2_RAW_AMIRESID__p              +1.003   +2.007   +1.626   +3.031   +1.058    -0.11  +0.343    +0.21 5/5
SL2_ORTH_AMIRESID__p             +0.876   +1.816   +1.005   +1.979   +0.773    +1.68  +0.173    -0.11 5/5
SL2_ORTH_ASZSTAB__p              +0.581   +1.193   +1.396   +2.224   +0.887    -4.88  +0.152    -0.33 4/5
SL2_ORTH_RESSKEW__m              +0.427   +1.021   +0.393   +0.874   +0.430    -0.41  +0.197    +0.23 5/5
SL2_ORTH_FUNDRESID__m            +0.465   +0.907   +1.235   +2.514   +0.684    -2.59  +0.254    -0.02 4/5
SL2_ORTH_LIQSTAB__p              +0.286   +0.663   +1.013   +1.851   +0.654    -7.90  +0.166    -0.61 3/5
SL2_ORTH_RESMOM_42__p            +0.174   +0.330   +0.498   +0.827   +0.427    -0.14  -0.028    -0.71 3/5
SL2_ORTH_VARRATIO__p             +0.130   +0.300   -0.599   -1.228   -0.321    -1.80  -0.048    +0.22 3/5
SL2_ORTH_RESMAX__p               +0.103   +0.170   +1.357   +1.897   +0.585    -5.23  -0.027    -3.34 2/5
SL2_ORTH_IVOLRAT__m              +0.099   +0.156   -1.448   -1.716   -0.624    +6.88  +0.054    +3.33 3/5
SL2_ORTH_DBETA__m                +0.073   +0.152   -0.121   -0.219   +0.007    +2.01  -0.061    +1.07 4/5
SL2_ORTH_IVOL_42__p              +0.077   +0.122   +1.436   +1.979   +0.609    -4.64  -0.026    -4.34 2/5
SL2_ORTH_BETAFUND__p             +0.073   +0.105   -0.741   -0.907   -0.255    -0.44  -0.245    +1.04 3/5
SL2_ORTH_RESREV_6__p             +0.058   +0.091   +0.374   +0.550   +0.145    -5.07  +0.088    +3.63 3/5
SL2_ORTH_BETA_42__m              +0.037   +0.043   +0.821   +0.789   +0.480    -5.83  +0.168    -3.98 2/5
SL2_ORTH_RESMAX__m               +0.011   +0.017   -1.208   -1.711   -0.521    +5.17  +0.120   +28.97 3/5
SL2_ORTH_IVOL_42__m              -0.014   -0.023   -1.265   -1.767   -0.546    +4.73  +0.112   -21.52 3/5
SL2_ORTH_IVOLRAT__p              -0.031   -0.049   +1.589   +1.857   +0.671    -6.59  +0.045   +11.35 2/5
SL2_ORTH_BETA_42__p              -0.078   -0.089   -0.762   -0.733   -0.491    +4.55  -0.122    -1.88 3/5
SL2_ORTH_DBETA__p                -0.044   -0.095   +0.051   +0.092   -0.092    -1.65  +0.181    +1.98 2/5
SL2_ORTH_BETAFUND__m             -0.068   -0.096   +0.684   +0.823   +0.229    -0.16  +0.323    +1.49 2/5
SL2_ORTH_RESREV_18__p            -0.061   -0.108   -0.482   -0.798   -0.196    -3.79  +0.135    -2.92 2/5
SL2_ORTH_TURNRESID__p            -0.086   -0.173   -0.671   -1.137   -0.211    +0.08  +0.012    +3.51 2/5
SL2_ORTH_RESREV_18__m            -0.124   -0.221   +0.156   +0.250   -0.132    +1.04  +0.000    +1.33 2/5
SL2_ORTH_VARRATIO__m             -0.097   -0.225   +0.487   +0.993   +0.278    +0.47  +0.146    +0.39 2/5
SL2_ORTH_RESREV_1__p             -0.234   -0.333   -0.193   -0.238   -0.159    +0.70  +0.058    -0.81 2/5
SL2_ORTH_RESMOM_42__m            -0.212   -0.399   -0.473   -0.817   -0.467    +0.08  +0.162    -0.63 3/5
SL2_ORTH_TURNRESID__m            -0.205   -0.404   +0.155   +0.266   -0.196    -2.64  +0.125    -1.40 2/5
SL2_ORTH_LIQTREND__p             -0.303   -0.504   +0.092   +0.132   -0.329    +3.61  +0.048    -0.98 2/5
SL2_ORTH_LIQSTAB__m              -0.321   -0.721   -1.073   -1.964   -0.742    +4.62  +0.000    -0.57 2/5
SL2_ORTH_LIQTREND__m             -0.482   -0.818   -0.770   -1.076   -0.565    -8.69  +0.122    +0.59 2/5
SL2_ORTH_RESREV_6__m             -0.532   -0.841   -0.895   -1.261   -0.793    +5.46  +0.077    +0.39 0/5
SL2_ORTH_RESSKEW__p              -0.377   -0.940   -0.597   -1.322   -0.528    +1.85  -0.044    +0.26 0/5
SL2_ORTH_FUNDRESID__p            -0.539   -1.087   -1.269   -2.583   -0.821    +2.81  -0.153    -0.04 0/5
SL2_ORTH_ASZSTAB__m              -0.654   -1.284   -1.567   -2.587   -1.090    +1.30  -0.012    -0.33 1/5
SL2_PERMFEAT_RESSKEW__m          -0.592   -1.433   -0.313   -0.765   -0.616    +0.84  +0.173    -0.03 0/5
SL2_PERMORTH_AMIRESID__p         -0.701   -1.672   -1.035   -2.440   -0.936    +1.87  +0.152    -0.04 0/5
SL2_PERMORTH_ASZSTAB__p          -0.688   -1.675   -0.683   -1.653   -0.692    +2.13  +0.140    -0.06 0/5
SL2_PERMORTH_RESSKEW__m          -0.702   -1.709   -1.244   -3.042   -0.954    -1.49  +0.135    -0.03 0/5
SL2_ORTH_AMIRESID__m             -1.065   -2.199   -1.348   -2.634   -1.034    -0.75  -0.049    -0.11 0/5
SL2_ORTH_RESREV_1__m             -1.557   -2.241   -1.791   -2.196   -1.899    -4.58  +0.111    +0.09 0/5
SL2_PERMFEAT_AMIRESID__p         -0.947   -2.292   -1.207   -2.932   -1.064    +0.86  +0.134    -0.02 0/5
SL2_PERMFEAT_ASZSTAB__p          -0.980   -2.371   -1.209   -2.895   -0.986    -2.37  +0.125    -0.00 0/5
