=== A0 (in-service form, v4 caliber, dyn seat s42) ===
  full     n= 9918 mean +0.663 Sh +1.32+-0.47 dd  2774.8 turn 0.0335 cost +0.122 carry +0.466
  frozen   n= 3168 mean +1.894 Sh +3.04+-0.83 dd   820.3 turn 0.0304 cost +0.120 carry +0.819
  2024on   n= 5718 mean +1.376 Sh +2.47+-0.62 dd  1254.1 turn 0.0362 cost +0.151 carry +0.520
  2022     n= 2010 mean +0.036 Sh +0.07+-1.04 dd   864.4 turn 0.0378 cost +0.107 carry +0.488
  2023     n= 2190 mean -0.625 Sh -1.86+-1.00 dd  1634.2 turn 0.0224 cost +0.060 carry +0.306
  2024     n= 2196 mean +0.560 Sh +1.25+-1.00 dd  1254.1 turn 0.0435 cost +0.180 carry +0.171
  2025     n= 2190 mean +0.763 Sh +1.34+-1.00 dd   820.3 turn 0.0346 cost +0.167 carry +0.566
  2026     n= 1332 mean +3.731 Sh +5.50+-1.28 dd   457.5 turn 0.0270 cost +0.076 carry +1.022
  full CI [0.161, 1.136, 0.996]

=== SLEEVE ARMS, sorted by full-cycle Sharpe (2022-01 -> 2026-08-10 20Z) ===
arm                               mean     Sh    +- yr+  corrFZ  corr24          CI95_full   turn   cost  carry blend50Sh
SL_f_asz_24h__m                 +1.037  +2.22  0.47   5  +0.454  +0.415    [+0.622,+1.477] 0.0132 +0.039 +0.173     +2.06
SL_DEATHCUT180_f_asz_24h__m     +1.020  +2.17  0.47   5  +0.448  +0.412    [+0.572,+1.457] 0.0131 +0.039 +0.164     +2.04
SL_DEATHCUT60_f_asz_24h__m      +1.015  +2.16  0.47   5  +0.454  +0.415    [+0.591,+1.435] 0.0132 +0.039 +0.171     +2.03
SL_f_amihud_24h__p              +1.009  +2.06  0.47   5  +0.270  +0.307    [+0.526,+1.470] 0.0400 +0.119 +0.252     +2.03
SL_DEATHCUT180_f_amihud_24h__p  +1.010  +2.06  0.47   5  +0.263  +0.303    [+0.529,+1.480] 0.0400 +0.119 +0.241     +2.04
SL_DEATHCUT60_f_amihud_24h__p   +0.992  +2.02  0.47   5  +0.270  +0.307    [+0.530,+1.448] 0.0400 +0.119 +0.249     +2.01
SL_LOBDEPTH__m                  +1.159  +1.92  0.50   5  +0.399  +0.357    [+0.531,+1.773] 0.0135 +0.061 +0.127     +2.03
SL_D_SURP__m                    +0.915  +1.86  0.47   5  +0.310  +0.284    [+0.438,+1.422] 0.0613 +0.287 -0.461     +1.91
SL_ORTH_f_amihud_24h__p         +0.868  +1.83  0.47   5  -0.020  +0.122    [+0.408,+1.316] 0.0414 +0.125 -0.035     +2.02
SL_ORTH_f_asz_24h__m            +0.807  +1.80  0.47   5  +0.191  +0.234    [+0.386,+1.217] 0.0140 +0.041 -0.107     +1.93
SL_ORTH_D_SURP__m               +0.748  +1.54  0.47   5  +0.064  +0.111    [+0.276,+1.213] 0.0636 +0.306 -0.597     +1.81
SL_f_tbf_24h__p                 +0.492  +1.12  0.47   3  -0.007  -0.007    [+0.059,+0.922] 0.0660 +0.258 -0.203     +1.76
SL_LOBSLOPE__p                  +0.578  +1.12  0.50   4  +0.375  +0.233    [+0.026,+1.090] 0.0281 +0.100 -0.160     +1.62
SL_f_fund_ema__p                +0.399  +0.83  0.47   3  +0.717  +0.572    [-0.063,+0.866] 0.0144 +0.043 +0.916     +1.17
SL_YOUNGFUND__p                 +1.074  +0.77  0.50   3  +0.198  +0.119    [-0.215,+2.362] 0.0239 +0.110 +0.819     +1.20
SL_D_VOLADJMOM__p               +0.367  +0.63  0.47   3  +0.146  -0.036    [-0.153,+0.903] 0.0360 +0.110 -0.232     +1.36
SL_f_fund_rn8__m                +0.364  +0.57  0.47   4  -0.462  -0.324    [-0.298,+0.985] 0.0534 +0.214 -1.461     +1.53
SL_f_mom_7d__p                  +0.304  +0.47  0.47   3  +0.110  -0.095    [-0.368,+0.947] 0.0349 +0.111 -0.236     +1.22
SL_f_fund_iv__m                 +0.306  +0.46  0.54   4  +0.014  -0.018    [-0.443,+1.035] 0.0117 +0.062 -0.840     +1.38
SL_f_mom_7d_x24__p              +0.248  +0.39  0.47   3  +0.111  -0.084    [-0.360,+0.837] 0.0381 +0.126 -0.138     +1.15
SL_YOUNG180__p                  +0.310  +0.35  0.47   2  +0.326  +0.213    [-0.535,+1.133] 0.0211 +0.069 +0.868     +0.85
SL_f_vol_7d__p                  +0.263  +0.34  0.47   3  +0.050  -0.066    [-0.419,+1.023] 0.0134 +0.040 -0.351     +1.01
SL_FUND_V1__p                   +0.169  +0.32  0.47   2  +0.656  +0.504    [-0.369,+0.680] 0.0149 +0.045 +0.967     +0.89
SL_f_mom_30d__p                 +0.179  +0.28  0.47   3  +0.178  +0.014    [-0.439,+0.794] 0.0166 +0.049 -0.244     +1.04
SL_LOBIMB5__m                   +0.136  +0.26  0.50   2  +0.209  +0.096    [-0.404,+0.685] 0.0415 +0.149 -0.256     +1.14
SL_f_range_24h__p               +0.166  +0.21  0.47   3  +0.030  -0.089    [-0.608,+0.907] 0.0229 +0.066 -0.385     +0.90
SL_YOUNGILLIQ__p                +0.289  +0.21  0.50   3  -0.018  +0.027    [-1.106,+1.593] 0.0410 +0.247 +0.505     +0.69
SL_f_fund_ema_v2__m             +0.099  +0.18  0.47   4  -0.559  -0.432    [-0.417,+0.623] 0.0305 +0.096 -1.069     +1.39
SL_OLDFUND__p                   +0.095  +0.18  0.47   2  +0.648  +0.516    [-0.428,+0.599] 0.0161 +0.057 +0.900     +0.82
SL_D_ILLIQ_FUND__p              +0.063  +0.15  0.47   2  -0.307  -0.216    [-0.337,+0.469] 0.0449 +0.149 -0.450     +1.18
SL_D_MOMSPREAD__p               +0.073  +0.12  0.47   4  +0.178  +0.080    [-0.514,+0.698] 0.0191 +0.057 -0.101     +0.92
SL_YOUNGREV__m                  +0.103  +0.06  0.50   3  +0.065  +0.022    [-1.627,+1.804] 0.0595 +0.495 -0.377     +0.49
SL_f_cpos_24h__p                +0.029  +0.05  0.47   2  +0.114  +0.170    [-0.508,+0.607] 0.0669 +0.266 +0.077     +0.84
SL_OLDFUND__m                   +0.012  +0.02  0.47   4  -0.618  -0.498    [-0.465,+0.484] 0.0160 +0.057 -0.874     +1.31
SL_LOBIMB1D__p                  -0.002  -0.00  0.50   3  -0.026  -0.019    [-0.518,+0.524] 0.0780 +0.441 +0.177     +1.01
SL_f_volq_ratio__m              -0.039  -0.07  0.47   2  -0.009  +0.051    [-0.550,+0.477] 0.0560 +0.202 +0.301     +0.81
SL_f_rev_3d__p                  -0.059  -0.09  0.47   2  +0.090  -0.092    [-0.708,+0.581] 0.0543 +0.202 -0.238     +0.75
SL_LOBIMB1__p                   -0.087  -0.18  0.50   3  -0.048  -0.044    [-0.604,+0.422] 0.0545 +0.209 +0.266     +0.90
SL_f_fund_iv__p                 -0.153  -0.23  0.54   2  +0.005  +0.008    [-0.924,+0.602] 0.0117 +0.063 +0.846     +0.86
SL_FUND_V1__m                   -0.122  -0.24  0.47   4  -0.632  -0.490    [-0.606,+0.341] 0.0147 +0.045 -0.947     +1.08
SL_f_range_24h__m               -0.186  -0.24  0.47   1  -0.013  +0.088    [-0.960,+0.599] 0.0237 +0.070 +0.342     +0.49
SL_LOBIMB1__m                   -0.122  -0.25  0.50   2  +0.066  +0.051    [-0.642,+0.388] 0.0544 +0.209 -0.260     +0.85
SL_f_rev_24h__p                 -0.217  -0.29  0.47   2  +0.111  -0.021    [-0.946,+0.476] 0.0767 +0.414 -0.233     +0.49
SL_f_fund_ema_v2__p             -0.176  -0.32  0.47   1  +0.579  +0.445    [-0.713,+0.373] 0.0306 +0.097 +1.110     +0.52
SL_f_vol_7d__m                  -0.244  -0.32  0.47   2  -0.033  +0.068    [-0.988,+0.488] 0.0140 +0.042 +0.313     +0.44
SL_D_MOMSPREAD__m               -0.200  -0.34  0.47   1  -0.153  -0.068    [-0.816,+0.400] 0.0195 +0.059 +0.098     +0.59
SL_f_mom_30d__m                 -0.228  -0.36  0.47   2  -0.151  +0.002    [-0.864,+0.434] 0.0175 +0.053 +0.216     +0.51
SL_YOUNGILLIQ__m                -0.553  -0.37  0.50   1  +0.048  -0.014    [-2.059,+0.936] 0.0450 +0.253 -0.724     +0.13
SL_YOUNGREV__p                  -0.682  -0.42  0.50   1  -0.032  +0.011    [-2.271,+0.865] 0.0622 +0.523 +0.199     +0.06
SL_f_volq_ratio__p              -0.216  -0.42  0.47   2  +0.021  -0.035    [-0.685,+0.253] 0.0569 +0.206 -0.322     +0.62
SL_LOBIMB5__p                   -0.215  -0.43  0.50   3  -0.189  -0.091    [-0.753,+0.270] 0.0416 +0.150 +0.232     +0.72
SL_f_rev_3d__m                  -0.302  -0.44  0.47   1  -0.052  +0.123    [-0.956,+0.368] 0.0524 +0.190 +0.210     +0.39
SL_f_rev_24h__m                 -0.351  -0.47  0.47   1  -0.110  +0.031    [-1.008,+0.385] 0.0750 +0.388 +0.232     +0.33
SL_D_ILLIQ_FUND__m              -0.245  -0.59  0.47   2  +0.319  +0.214    [-0.645,+0.147] 0.0448 +0.148 +0.489     +0.57
SL_f_mom_7d__m                  -0.429  -0.65  0.47   1  -0.067  +0.121    [-1.065,+0.217] 0.0349 +0.111 +0.201     +0.26
SL_f_cpos_24h__m                -0.356  -0.67  0.47   2  -0.125  -0.178    [-0.879,+0.179] 0.0668 +0.268 -0.041     +0.44
SL_YOUNG180__m                  -0.612  -0.73  0.47   0  -0.327  -0.239    [-1.428,+0.160] 0.0201 +0.066 -0.825     +0.06
SL_f_mom_7d_x24__m              -0.467  -0.73  0.47   1  -0.063  +0.114    [-1.140,+0.191] 0.0372 +0.118 +0.119     +0.22
SL_f_rev_4h__m                  -0.612  -0.76  0.47   0  -0.117  -0.017    [-1.384,+0.162] 0.0903 +0.963 +0.244     +0.05
SL_f_fund_ema__m                -0.354  -0.78  0.47   3  -0.679  -0.545    [-0.795,+0.073] 0.0143 +0.043 -0.883     +0.68
SL_YOUNGFUND__m                 -1.092  -0.85  0.50   0  -0.196  -0.131    [-2.307,+0.178] 0.0237 +0.108 -0.793     -0.22
SL_D_VOLADJMOM__m               -0.526  -0.89  0.47   1  -0.121  +0.052    [-1.100,+0.025] 0.0360 +0.111 +0.197     +0.17
SL_LOBSLOPE__m                  -0.472  -0.95  0.50   1  -0.367  -0.236    [-1.003,+0.031] 0.0281 +0.101 +0.129     +0.42
SL_f_fund_rn8__p                -0.703  -1.09  0.47   1  +0.486  +0.338    [-1.322,-0.128] 0.0534 +0.214 +1.499     -0.04
SL_LOBIMB1D__m                  -0.771  -1.52  0.50   1  +0.041  +0.033    [-1.309,-0.203] 0.0780 +0.441 -0.129     +0.01
SL_f_rev_4h__p                  -1.259  -1.61  0.47   0  +0.092  +0.009    [-1.970,-0.488] 0.0914 +0.992 -0.191     -0.62
SL_LOBDEPTH__p                  -1.018  -1.67  0.50   1  -0.402  -0.366    [-1.639,-0.375] 0.0134 +0.061 -0.125     -0.33
SL_f_asz_24h__p                 -0.944  -2.03  0.47   0  -0.448  -0.414    [-1.370,-0.518] 0.0127 +0.038 -0.181     -0.50
SL_f_tbf_24h__m                 -0.952  -2.06  0.47   1  +0.028  +0.028    [-1.410,-0.481] 0.0659 +0.258 +0.208     -0.38
SL_f_amihud_24h__m              -1.121  -2.25  0.47   0  -0.292  -0.327    [-1.586,-0.661] 0.0394 +0.117 -0.246     -0.75
SL_D_SURP__p                    -1.319  -2.76  0.47   0  -0.334  -0.290    [-1.763,-0.858] 0.0613 +0.287 +0.481     -1.07

=== yearly means (bps/anchor/gross) for arms with full Sharpe > 0.8 ===
arm                               2022    2023    2024    2025    2026   frozen mean/Sh
SL_f_asz_24h__m                 +1.404  +0.296  +0.539  +0.654  +3.155   +1.716/+3.16
SL_DEATHCUT180_f_asz_24h__m     +1.229  +0.302  +0.580  +0.661  +3.201   +1.739/+3.19
SL_DEATHCUT60_f_asz_24h__m      +1.242  +0.293  +0.550  +0.635  +3.251   +1.747/+3.22
SL_f_amihud_24h__p              +1.128  +0.579  +0.501  +0.724  +2.846   +1.701/+3.25
SL_DEATHCUT180_f_amihud_24h__p  +0.975  +0.590  +0.505  +0.862  +2.832   +1.786/+3.43
SL_DEATHCUT60_f_amihud_24h__p   +0.953  +0.581  +0.484  +0.776  +2.918   +1.768/+3.40
SL_LOBDEPTH__m                  +0.633  +0.462  +0.352  +1.438  +3.497   +2.431/+3.45
SL_D_SURP__m                    +1.625  +0.290  +0.124  +0.584  +2.724   +1.655/+3.01
SL_ORTH_f_amihud_24h__p         +1.137  +0.743  +0.560  +0.647  +1.542   +1.045/+2.10
SL_ORTH_f_asz_24h__m            +1.373  +0.473  +0.523  +0.438  +1.580   +0.881/+1.75
SL_ORTH_D_SURP__m               +1.617  +0.307  +0.319  +0.423  +1.405   +0.964/+1.75
SL_f_tbf_24h__p                 -0.089  +1.343  +0.749  +0.452  -0.386   +0.023/+0.05
SL_LOBSLOPE__p                  +0.633  +0.064  -0.007  +1.063  +1.527   +1.422/+2.53
SL_f_fund_ema__p                -0.115  -0.661  +0.008  +0.357  +3.627   +1.743/+2.85

anchor axis == A0 frozen axis for every arm: True
