arm                    span        n |   RE_net RE_gross RE_cost |   NL_net NL_gross NL_cost  c_rat |   mrg_net mrg_gross    mrg_cm | verdict               
AMI_lag                F23      7908 |  +0.8239  +0.8710  0.1137 |  -0.1792  -0.1792  0.1152   1.01 |   +1.0031   +1.0502   +1.0016 | SURVIVES CI[+0.539,+1.450]
AMI_lag                FROZEN   3168 |  +1.0404  +0.9715  0.1194 |  +0.0972  -0.0386  0.1152   0.97 |   +0.9432   +1.0100   +0.9473 | SURVIVES_NOMINAL CI[+0.166,+1.714]
AMI_lag                FULL     9018 |  +0.7368  +0.7960  0.1152 |  -0.1941  -0.1863  0.1166   1.01 |   +0.9310   +0.9823   +0.9296 | SURVIVES CI[+0.549,+1.335]
IB_TRI_B_s42           F23      7908 |  +0.3858  +0.3126  0.1217 |  +0.6441  +1.0457  0.1516   1.25 |   +0.5638   +0.6757   +0.5340 | SURVIVES CI[+0.329,+0.816]
IB_TRI_B_s42           FROZEN   3168 |  +0.3005  +0.1619  0.1187 |  +1.2890  +1.8546  0.1445   1.22 |   +0.9052   +1.1400   +0.8794 | SURVIVES CI[+0.460,+1.379]
IB_TRI_B_s42           FULL     9018 |  +0.3509  +0.2768  0.1161 |  +0.5679  +0.9786  0.1433   1.23 |   +0.5251   +0.6248   +0.4979 | SURVIVES CI[+0.304,+0.755]
LOBDEPTH_ORTH          F23      7849 |  +0.9419  +0.7535  0.0205 |  -0.1099  -0.1973  0.0294   1.43 |   +1.0518   +0.9509   +1.0430 | UNRESOLVED_null_not_matched CI[+0.678,+1.459]
LOBDEPTH_ORTH          FROZEN   3168 |  +1.5922  +1.1554  0.0310 |  +0.2829  +0.0823  0.0450   1.45 |   +1.3093   +1.0731   +1.2953 | UNRESOLVED_null_not_matched CI[+0.576,+2.088]
LOBDEPTH_ORTH          FULL     7849 |  +0.9419  +0.7535  0.0205 |  -0.1099  -0.1973  0.0294   1.43 |   +1.0518   +0.9509   +1.0430 | UNRESOLVED_null_not_matched CI[+0.678,+1.459]
LOBDEPTH_RAW           F23      7849 |  +1.2187  +1.3737  0.0187 |  -0.0441  -0.0526  0.0290   1.55 |   +1.2629   +1.4264   +1.2525 | UNRESOLVED_null_not_matched CI[+0.871,+1.697]
LOBDEPTH_RAW           FROZEN   3168 |  +2.4313  +2.7083  0.0290 |  +0.4919  +0.4526  0.0450   1.55 |   +1.9394   +2.2557   +1.9234 | UNRESOLVED_null_not_matched CI[+1.155,+2.766]
LOBDEPTH_RAW           FULL     7849 |  +1.2187  +1.3737  0.0187 |  -0.0441  -0.0526  0.0290   1.55 |   +1.2629   +1.4264   +1.2525 | UNRESOLVED_null_not_matched CI[+0.871,+1.697]
ORTH_AMI3D             F23      7908 |  +0.5985  +0.5338  0.0232 |  -0.0541  -0.1034  0.0284   1.23 |   +0.6526   +0.6372   +0.6473 | SURVIVES_NOMINAL CI[+0.157,+1.155]
ORTH_AMI3D             FROZEN   3168 |  +0.5502  +0.3156  0.0379 |  +0.2309  +0.0868  0.0378   1.00 |   +0.3193   +0.2287   +0.3193 | FAILS CI[-0.531,+1.113]
ORTH_AMI3D             FULL     9018 |  +0.5782  +0.5355  0.0222 |  -0.0470  -0.0837  0.0269   1.21 |   +0.6252   +0.6192   +0.6205 | SURVIVES CI[+0.216,+1.056]
ORTH_AMIRESID          F23      7908 |  +0.8040  +0.8110  0.1194 |  -0.3233  -0.2948  0.1228   1.03 |   +1.1273   +1.1058   +1.1239 | SURVIVES CI[+0.685,+1.579]
ORTH_AMIRESID          FROZEN   3168 |  +1.0059  +0.8649  0.1222 |  -0.2813  -0.3436  0.1294   1.06 |   +1.2873   +1.2086   +1.2800 | SURVIVES CI[+0.567,+2.031]
ORTH_AMIRESID          FULL     9018 |  +0.7146  +0.7318  0.1208 |  -0.3257  -0.2953  0.1227   1.02 |   +1.0402   +1.0272   +1.0383 | SURVIVES CI[+0.661,+1.415]
ORTH_LISTEVT           F23      6690 |  +0.0800  -0.1137  0.0157 |  -0.0836  -0.0704  0.0306   2.46 |   +0.4559   +0.1993   +0.4377 | UNRESOLVED_null_not_matched CI[-0.135,+1.057]
ORTH_LISTEVT           FROZEN   3168 |  +1.0731  +0.5596  0.0142 |  -0.1109  -0.1056  0.0336   2.36 |   +1.1840   +0.6652   +1.1647 | UNRESOLVED_null_not_matched CI[+0.293,+2.142]
ORTH_LISTEVT           FULL     6690 |  +0.0271  -0.1052  0.0207 |  -0.0836  -0.0704  0.0306   2.46 |   +0.4559   +0.1993   +0.4377 | UNRESOLVED_null_not_matched CI[-0.135,+1.057]
ORTH_RESSKEW           F23      7908 |  +0.3504  +0.5086  0.0312 |  +0.1741  +0.2111  0.0446   1.43 |   +0.1764   +0.2975   +0.1630 | UNRESOLVED_null_not_matched CI[-0.248,+0.567]
ORTH_RESSKEW           FROZEN   3168 |  +0.3935  +0.6099  0.0350 |  +0.3578  +0.3929  0.0532   1.52 |   +0.0357   +0.2170   +0.0175 | UNRESOLVED_null_not_matched CI[-0.747,+0.771]
ORTH_RESSKEW           FULL     9018 |  +0.3523  +0.4918  0.0313 |  +0.1543  +0.1893  0.0434   1.39 |   +0.1979   +0.3025   +0.1858 | UNRESOLVED_null_not_matched CI[-0.157,+0.567]
ORTH_amihud            F23      7908 |  +0.8005  +0.8637  0.1134 |  -0.1804  -0.1830  0.1152   1.02 |   +0.9809   +1.0467   +0.9791 | SURVIVES CI[+0.513,+1.424]
ORTH_amihud            FROZEN   3168 |  +1.0461  +1.0050  0.1190 |  +0.1012  -0.0408  0.1153   0.97 |   +0.9449   +1.0458   +0.9486 | SURVIVES_NOMINAL CI[+0.171,+1.700]
ORTH_amihud            FULL     9018 |  +0.7077  +0.7818  0.1149 |  -0.1969  -0.1913  0.1166   1.01 |   +0.9046   +0.9731   +0.9029 | SURVIVES CI[+0.517,+1.318]
RESID_SHARPE_s2027     F23      7908 |  +1.2097  +1.3976  0.0644 |  -0.0736  +0.0431  0.1035   1.61 |   +1.2832   +1.3545   +1.2441 | UNRESOLVED_null_not_matched CI[+0.713,+1.820]
RESID_SHARPE_s2027     FROZEN   3168 |  +1.5620  +2.0051  0.0584 |  +0.1138  +0.2716  0.1420   2.43 |   +1.4482   +1.7334   +1.3646 | UNRESOLVED_null_not_matched CI[+0.565,+2.432]
RESID_SHARPE_s2027     FULL     7908 |  +1.2097  +1.3976  0.0644 |  -0.0736  +0.0431  0.1035   1.61 |   +1.2832   +1.3545   +1.2441 | UNRESOLVED_null_not_matched CI[+0.713,+1.820]
RESID_SHARPE           F23      7908 |  +1.1800  +1.4816  0.0819 |  -0.0574  +0.0982  0.1190   1.45 |   +1.2374   +1.3835   +1.2003 | UNRESOLVED_null_not_matched CI[+0.692,+1.779]
RESID_SHARPE           FROZEN   3168 |  +1.3896  +1.9920  0.0608 |  +0.0223  +0.2502  0.1503   2.47 |   +1.3673   +1.7418   +1.2777 | UNRESOLVED_null_not_matched CI[+0.480,+2.347]
RESID_SHARPE           FULL     7908 |  +1.1800  +1.4816  0.0819 |  -0.0574  +0.0982  0.1190   1.45 |   +1.2374   +1.3835   +1.2003 | UNRESOLVED_null_not_matched CI[+0.692,+1.779]
TBF_ema08              F23      7908 |  +0.5101  +0.5152  0.0891 |  -0.0777  +0.0664  0.0321   0.36 |   +0.5878   +0.4488   +0.6448 | UNRESOLVED_null_not_matched CI[+0.103,+1.027]
TBF_ema08              FROZEN   3168 |  -0.2418  -0.2585  0.0943 |  -0.1456  +0.1452  0.0257   0.27 |   -0.0962   -0.4037   -0.0276 | UNRESOLVED_null_not_matched CI[-1.061,+0.852]
TBF_ema08              FULL     9018 |  +0.5155  +0.5379  0.0896 |  -0.0808  +0.0541  0.0349   0.39 |   +0.5963   +0.4838   +0.6510 | UNRESOLVED_null_not_matched CI[+0.150,+1.026]
XIB50_s2027            F23      7908 |  +0.4287  +0.3083  0.1319 |  +0.7116  +1.1806  0.1629   1.23 |   +0.5594   +0.5497   +0.5284 | SURVIVES CI[+0.337,+0.778]
XIB50_s2027            FROZEN   3168 |  +0.3936  +0.1412  0.1320 |  +1.4878  +2.1973  0.1585   1.20 |   +0.8033   +0.7684   +0.7769 | SURVIVES CI[+0.417,+1.190]
XIB50_s2027            FULL     9018 |  +0.3876  +0.2715  0.1252 |  +0.6238  +1.0941  0.1536   1.23 |   +0.5236   +0.5155   +0.4952 | SURVIVES CI[+0.297,+0.737]
XIB50_s42              F23      7908 |  +0.4588  +0.3374  0.1282 |  +0.6992  +1.1728  0.1590   1.24 |   +0.5817   +0.5734   +0.5509 | SURVIVES CI[+0.354,+0.800]
XIB50_s42              FROZEN   3168 |  +0.4698  +0.2209  0.1285 |  +1.4969  +2.2158  0.1529   1.19 |   +0.8665   +0.8378   +0.8422 | SURVIVES CI[+0.466,+1.267]
XIB50_s42              FULL     9018 |  +0.4140  +0.2971  0.1220 |  +0.6130  +1.0873  0.1502   1.23 |   +0.5432   +0.5363   +0.5149 | SURVIVES CI[+0.320,+0.759]
XIB_LAG50_s2027        F23      7908 |  +0.4632  +0.3120  0.1358 |  +0.7064  +1.1652  0.1641   1.21 |   +0.5990   +0.5688   +0.5707 | SURVIVES CI[+0.346,+0.845]
XIB_LAG50_s2027        FROZEN   3168 |  +0.4280  +0.1090  0.1403 |  +1.4735  +2.1598  0.1608   1.15 |   +0.8520   +0.7736   +0.8314 | SURVIVES CI[+0.418,+1.263]
XIB_LAG50_s2027        FULL     9018 |  +0.4109  +0.2641  0.1296 |  +0.6196  +1.0801  0.1549   1.20 |   +0.5510   +0.5222   +0.5257 | SURVIVES CI[+0.304,+0.789]
XIB_LAG50_s42          F23      7908 |  +0.4699  +0.3167  0.1320 |  +0.6908  +1.1541  0.1602   1.21 |   +0.6011   +0.5714   +0.5729 | SURVIVES CI[+0.352,+0.842]
XIB_LAG50_s42          FROZEN   3168 |  +0.4361  +0.1186  0.1369 |  +1.4721  +2.1688  0.1552   1.13 |   +0.8576   +0.7824   +0.8393 | SURVIVES CI[+0.395,+1.294]
XIB_LAG50_s42          FULL     9018 |  +0.4167  +0.2683  0.1262 |  +0.6060  +1.0703  0.1515   1.20 |   +0.5529   +0.5245   +0.5276 | SURVIVES CI[+0.305,+0.789]
