LOBFULL span 2023-01-02 20:00:00 -> 2026-08-25 00:00:00  n=7923  (post-warm-up, w3_fund==1.0, all 34 arms live)
SE(annualised Sharpe) on this span = sqrt(2190/7923) = 0.526
  A0_TRUEFULL              n= 9918  g +0.6627  Sh  +1.32  carry +0.4665  cost 0.1220  turn 0.0335
  A0_TRUEFULL_postwarm     n= 9018  g +0.7421  Sh  +1.52  carry +0.4694  cost 0.1151  turn 0.0304
  A0_LOBFULL               n= 7838  g +0.8846  Sh  +1.75  carry +0.4626  cost 0.1263  turn 0.0325
  AMI_TRUEFULL             n= 9918  g +0.8682  Sh  +1.83  carry -0.0351  cost 0.1247  turn 0.0414
  AMI_TRUEFULL_postwarm    n= 9018  g +0.7072  Sh  +1.54  carry -0.0408  cost 0.1149  turn 0.0387
  AMI_LOBFULL              n= 7838  g +0.8141  Sh  +1.75  carry -0.0506  cost 0.1134  turn 0.0376
  AMI_LOBFULL_postwarm     n= 7838  g +0.8141  Sh  +1.75  carry -0.0506  cost 0.1134  turn 0.0376
  A0_LOBFULL CI95 [0.3391, 1.4031, 0.9995]

=== 34 ARMS on LOBFULL, sorted by standalone Sharpe ===
arm                              g     Sh  yr+  corrA0 corrAMI                CI95   carry     pnl   cost carryfr bl50Sh
R2_DIAG_ORTH_R1MEAN__m      +0.990  +1.92    4  +0.195  +0.759     [+0.446,+1.543]  -0.220  +0.789 0.0186   -0.22  +2.38
R2_LIVOL__p                 +0.745  +1.32    3  +0.206  -0.004     [+0.138,+1.344]  -0.374  +0.515 0.1434   -0.50  +1.96
R2B_ORTH2_LIVOL__p          +0.497  +1.08    4  +0.117  +0.028     [+0.021,+0.994]  -0.467  +0.201 0.1707   -0.94  +1.92
R2_ORTH_LIVOL__p            +0.550  +1.04    3  +0.117  +0.014     [-0.016,+1.110]  -0.560  +0.138 0.1485   -1.02  +1.85
R2B_ORTH2_LDVOL__p          +0.468  +0.96    3  +0.168  +0.194     [-0.041,+0.983]  -0.563  +0.132 0.2265   -1.20  +1.78
R2_LDVOL__p                 +0.534  +0.86    3  +0.225  +0.104     [-0.151,+1.158]  -0.409  +0.303 0.1779   -0.77  +1.61
R2_ORTH_LDVOL__p            +0.418  +0.72    3  +0.133  +0.124     [-0.207,+1.034]  -0.619  -0.018 0.1842   -1.48  +1.59
R2_LCONVX__p                +0.002  +0.01    2  +0.213  +0.069     [-0.430,+0.443]  -0.018  +0.055 0.0707   -7.54  +1.25
R2_LSLASY__m                +0.002  +0.00    2  +0.018  -0.372     [-0.428,+0.464]  -0.124  -0.010 0.1122  -73.75  +1.34
R2_LDINNOV__m               -0.041  -0.09    1  -0.005  +0.150     [-0.523,+0.475]  +0.253  +0.418 0.2064   -6.16  +1.23
R2_ORTH_LCONVX__p           -0.047  -0.12    2  +0.163  +0.081     [-0.467,+0.383]  -0.101  -0.076 0.0713   +2.15  +1.21
R2B_ORTH2_LSLASY__m         -0.054  -0.14    2  +0.040  -0.403     [-0.448,+0.316]  -0.115  -0.054 0.1154   +2.11  +1.29
R2B_ORTH2_LCONVX__m         -0.056  -0.16    0  -0.128  -0.082     [-0.419,+0.287]  +0.058  +0.074 0.0729   -1.03  +1.44
R2_LIMBINN__p               -0.073  -0.18    2  -0.093  -0.016     [-0.492,+0.372]  +0.203  +0.493 0.3619   -2.79  +1.32
R2_ORTH_LSLASY__m           -0.081  -0.20    1  +0.024  -0.381     [-0.540,+0.326]  -0.071  -0.039 0.1138   +0.87  +1.23
R2_ORTH_LCONVX__m           -0.086  -0.23    1  -0.168  -0.104     [-0.464,+0.319]  +0.092  +0.077 0.0714   -1.06  +1.38
R2_ORTH_LSLASY__p           -0.091  -0.24    1  -0.034  +0.392     [-0.472,+0.310]  +0.046  +0.070 0.1139   -0.51  +1.28
R2_LCONVX__m                -0.101  -0.26    3  -0.207  -0.093     [-0.502,+0.301]  +0.013  -0.017 0.0710   -0.13  +1.37
R2B_ORTH2_LIMBINN__p        -0.100  -0.26    2  -0.072  -0.018     [-0.519,+0.293]  +0.201  +0.463 0.3616   -2.01  +1.28
R2_ORTH_LDINNOV__m          -0.129  -0.29    1  -0.010  +0.154     [-0.610,+0.330]  +0.211  +0.288 0.2064   -1.63  +1.12
R2B_ORTH2_LCONVX__p         -0.108  -0.30    1  +0.128  +0.062     [-0.476,+0.277]  -0.064  -0.100 0.0727   +0.59  +1.18
R2B_ORTH2_LDINNOV__p        -0.135  -0.30    1  +0.015  -0.123     [-0.590,+0.319]  -0.220  -0.148 0.2072   +1.62  +1.11
R2B_ORTH2_LSLASY__p         -0.115  -0.32    1  -0.043  +0.409     [-0.500,+0.257]  +0.089  +0.089 0.1155   -0.77  +1.27
R2_LDVOLR__m                -0.179  -0.34    2  +0.037  -0.026     [-0.745,+0.368]  +0.364  +0.609 0.4242   -2.03  +0.95
R2_ORTH_LIMBINN__p          -0.137  -0.35    1  -0.053  -0.017     [-0.531,+0.287]  +0.215  +0.440 0.3615   -1.57  +1.20
R2_LDINNOV__p               -0.181  -0.38    1  -0.025  -0.139     [-0.666,+0.323]  -0.262  -0.237 0.2061   +1.45  +1.03
R2_ORTH_LDVOLR__m           -0.210  -0.42    2  +0.021  -0.022     [-0.769,+0.316]  +0.322  +0.535 0.4229   -1.53  +0.94
R2_LSLASY__p                -0.177  -0.45    1  -0.027  +0.384     [-0.580,+0.210]  +0.099  +0.035 0.1123   -0.56  +1.12
R2_ORTH_LDINNOV__p          -0.220  -0.48    1  +0.004  -0.140     [-0.704,+0.266]  -0.223  -0.237 0.2061   +1.02  +0.97
R2B_ORTH2_LDINNOV__m        -0.219  -0.51    0  -0.022  +0.139     [-0.670,+0.232]  +0.215  +0.203 0.2075   -0.98  +1.02
R2B_ORTH2_LDVOLR__m         -0.310  -0.62    2  +0.025  -0.021     [-0.830,+0.227]  +0.398  +0.520 0.4320   -1.28  +0.80
R2_LDTREND__p               -0.620  -1.11    1  +0.007  -0.036     [-1.164,-0.041]  -0.164  +0.195 0.9796   +0.26  +0.35
R2_ORTH_LDVOL__m            -0.775  -1.36    0  -0.119  -0.154     [-1.380,-0.163]  +0.567  -0.022 0.1857   -0.73  +0.15
R2_ORTH_LIVOL__m            -0.711  -1.40    0  -0.106  -0.044     [-1.249,-0.155]  +0.498  -0.063 0.1500   -0.70  +0.26
R2B_ORTH2_LDVOLR__p         -0.719  -1.49    1  -0.056  +0.023     [-1.242,-0.198]  -0.377  -0.661 0.4353   +0.52  +0.24
R2_LDVOL__m                 -0.917  -1.52    0  -0.206  -0.140     [-1.519,-0.252]  +0.356  -0.382 0.1794   -0.39  -0.05
R2_LDVOLR__p                -0.843  -1.60    0  -0.041  +0.035     [-1.394,-0.260]  -0.337  -0.752 0.4275   +0.40  +0.06
R2_ORTH_LDVOLR__p           -0.821  -1.63    0  -0.041  +0.029     [-1.342,-0.282]  -0.298  -0.693 0.4262   +0.36  +0.09
R2B_ORTH2_LIVOL__m          -0.759  -1.77    0  -0.116  -0.052     [-1.220,-0.309]  +0.416  -0.171 0.1713   -0.55  +0.20
R2_LIVOL__m                 -0.960  -1.78    0  -0.190  -0.030     [-1.553,-0.400]  +0.310  -0.505 0.1452   -0.32  -0.11
R2P_PERMFEAT_LIVOL_orth__p  -0.614  -1.84    0  -0.002  -0.051     [-0.977,-0.267]  +0.003  +0.253 0.8637   -0.01  +0.45
R2_ORTH_LDTREND__p          -0.837  -1.87    1  +0.041  -0.041     [-1.303,-0.381]  -0.200  -0.066 0.9709   +0.24  +0.07
R2_LIMBINN__m               -0.755  -1.87    0  +0.046  +0.017     [-1.194,-0.324]  -0.173  -0.565 0.3622   +0.23  +0.20
R2B_ORTH2_LDTREND__p        -0.813  -1.88    1  +0.047  -0.028     [-1.272,-0.358]  -0.180  -0.021 0.9716   +0.22  +0.11
R2B_ORTH2_LDVOL__m          -0.871  -1.89    0  -0.163  -0.223     [-1.388,-0.407]  +0.520  -0.125 0.2266   -0.60  +0.02
R2_ORTH_LIMBINN__m          -0.757  -1.92    0  +0.025  +0.020     [-1.163,-0.352]  -0.189  -0.584 0.3620   +0.25  +0.20
R2_LDTREND__m               -1.104  -1.98    0  -0.044  +0.021     [-1.676,-0.544]  +0.272  +0.145 0.9766   -0.25  -0.30
R2B_ORTH2_LIMBINN__m        -0.775  -2.01    0  +0.040  +0.019     [-1.181,-0.381]  -0.173  -0.586 0.3619   +0.22  +0.17
R2_DIAG_R1MEAN__p           -1.245  -2.18    0  -0.381  -0.670     [-1.855,-0.654]  -0.133  -1.361 0.0168   +0.11  -0.60
R2P_PERMORTH__R1MEAN_orth__m  -0.792  -2.30    0  -0.002  -0.061     [-1.147,-0.407]  +0.020  +0.100 0.8724   -0.02  +0.15
R2_ORTH_LDTREND__m          -1.111  -2.36    0  -0.055  +0.016     [-1.592,-0.616]  +0.235  +0.092 0.9684   -0.21  -0.34
R2B_ORTH2_LDTREND__m        -1.118  -2.51    0  -0.064  +0.000     [-1.611,-0.649]  +0.214  +0.065 0.9690   -0.19  -0.36
R2P_PERMORTH_LIVOL_orth__p  -0.883  -2.56    0  -0.030  -0.035     [-1.214,-0.534]  -0.003  -0.014 0.8721   +0.00  +0.00
R2P_PERMORTH_LDVOL_raw__p   -0.901  -2.68    0  +0.012  +0.010     [-1.248,-0.557]  +0.030  -0.000 0.8712   -0.03  -0.03
R2P_PERMFEAT_LIVOL_raw__p   -0.959  -2.80    0  -0.000  -0.051     [-1.341,-0.609]  +0.029  -0.055 0.8737   -0.03  -0.12
R2P_PERMFEAT__R1MEAN_orth__m  -1.065  -3.06    0  -0.074  -0.029     [-1.441,-0.708]  +0.008  -0.189 0.8688   -0.01  -0.30
R2P_PERMFEAT_LDVOL_raw__p   -1.089  -3.15    0  +0.043  +0.034     [-1.465,-0.723]  -0.004  -0.218 0.8758   +0.00  -0.33
R2P_PERMORTH_LIVOL_raw__p   -1.241  -3.68    0  -0.000  -0.042     [-1.587,-0.894]  -0.004  -0.378 0.8680   +0.00  -0.59

=== yearly g (bps/anchor/gross) + frozen + out-of-fit stress, arms with |Sh|>1.0 ===
arm                            2023     2024     2025     2026 frozenSh    stress
R2_DIAG_ORTH_R1MEAN__m       +0.635   +0.387   +1.378   +1.911     2.66   -10.026
R2_LIVOL__p                  +0.015   -0.023   +1.367   +2.155     2.64   -14.703
R2B_ORTH2_LIVOL__p           +0.021   +0.002   +1.505   +0.411     1.90   -11.797
R2_ORTH_LIVOL__p             -0.141   +0.042   +1.305   +1.247     2.17   -13.975
R2_LDTREND__p                -1.361   -1.120   -0.007   +0.378     0.33    -5.244
R2_ORTH_LDVOL__m             -0.549   -0.445   -1.018   -1.279    -2.04   +12.608
R2_ORTH_LIVOL__m             -0.273   -0.346   -1.268   -1.095    -2.13   +12.875
R2B_ORTH2_LDVOLR__p          +0.038   -0.309   -0.941   -2.235    -2.64    +3.541
R2_LDVOL__m                  -0.693   -0.235   -0.931   -2.374    -2.50   +12.690
R2_LDVOLR__p                 -0.079   -0.343   -1.201   -2.295    -2.82    +5.348
R2_ORTH_LDVOLR__p            -0.076   -0.403   -1.134   -2.186    -2.85    +5.776
R2B_ORTH2_LIVOL__m           -0.457   -0.321   -1.543   -0.671    -2.28    +9.097
R2_LIVOL__m                  -0.418   -0.283   -1.436   -2.158    -2.85   +13.063
R2P_PERMFEAT_LIVOL_orth__p   -0.363   -0.934   -0.494   -0.686    -1.13    -2.098
R2_ORTH_LDTREND__p           -1.363   -1.055   -0.682   +0.108    -0.63    -6.171
R2_LIMBINN__m                -0.160   -0.874   -0.623   -1.723    -2.21    -6.101
R2B_ORTH2_LDTREND__p         -1.419   -1.121   -0.522   +0.183    -0.40    -7.822
R2B_ORTH2_LDVOL__m           -0.837   -0.432   -1.369   -0.832    -2.13    +9.643
R2_ORTH_LIMBINN__m           -0.234   -0.939   -0.494   -1.725    -2.10    -5.650
R2_LDTREND__m                -0.903   -1.007   -0.722   -2.210    -1.85    +1.164
R2B_ORTH2_LIMBINN__m         -0.233   -0.908   -0.634   -1.652    -2.28    -5.281
R2_DIAG_R1MEAN__p            -0.476   -0.391   -1.357   -3.694    -3.47   +12.563
R2P_PERMORTH__R1MEAN_orth__m   -1.209   -0.658   -0.818   -0.304    -1.33    -1.990
R2_ORTH_LDTREND__m           -0.897   -1.031   -0.808   -2.080    -2.41    +3.958
R2B_ORTH2_LDTREND__m         -0.837   -0.967   -1.020   -1.973    -2.61    +4.454
R2P_PERMORTH_LIVOL_orth__p   -1.080   -0.814   -0.597   -1.149    -2.02    -2.844
R2P_PERMORTH_LDVOL_raw__p    -1.032   -0.829   -0.551   -1.389    -2.23    -3.002
R2P_PERMFEAT_LIVOL_raw__p    -0.980   -1.218   -0.730   -0.875    -2.08    -1.858
R2P_PERMFEAT__R1MEAN_orth__m   -1.172   -1.146   -0.809   -1.184    -2.54    +2.558
R2P_PERMFEAT_LDVOL_raw__p    -1.392   -1.017   -0.896   -1.042    -2.52    +3.314
R2P_PERMORTH_LIVOL_raw__p    -1.240   -1.295   -0.854   -1.792    -3.19    +0.174
