arm                        mean  Sharpe   CI95lo   CI95hi BONF16lo  corrA0 carry/net    turn | per-year bps
IB_AM40_TBF20            +1.117    2.24   +0.663   +1.578   +0.357  +0.871    0.32  0.0405 | +0.78 +0.30 +0.88 +0.92 +3.46  5/5+
IB_AMLAG50               +1.124    2.18   +0.640   +1.612   +0.414  +0.889    0.31  0.0382 | +0.70 +0.05 +0.86 +1.19 +3.63  5/5+
IB_PARITY_rk             +0.615    1.21   +0.113   +1.099   -0.065  +1.000    0.77  0.0334 | +0.04 -0.62 +0.56 +0.76 +3.15  4/5+
IB_TBF25                 +0.647    1.33   +0.204   +1.087   +0.005  +0.965    0.74  0.0360 | +0.10 -0.28 +0.71 +0.43 +3.03  4/5+
IB_TBF50                 +0.640    1.42   +0.215   +1.042   -0.051  +0.837    0.67  0.0513 | +0.15 +0.14 +0.83 +0.01 +2.72  5/5+
SL_L_f_cpos_24h          -0.028   -0.05   -0.568   +0.456   -0.776  +0.198   -4.10  0.0667 | +0.65 -0.78 +0.00 +0.47 -0.63  3/5+
SL_L_f_fund_iv           +0.231    0.43   -0.378   +0.837   -0.658  +0.303    1.84  0.0154 | +0.43 -0.38 +0.62 -0.24 +0.51  3/5+
SL_L_f_mom_30d           +0.185    0.29   -0.427   +0.786   -0.685  +0.012   -1.17  0.0170 | -0.64 -0.15 +0.12 +0.92 +0.84  3/5+
SL_L_f_range_24h         +0.041    0.05   -0.714   +0.797   -1.083  -0.045   -8.43  0.0235 | -0.79 +0.13 +0.12 +0.14 +0.77  4/5+
SL_L_f_rev_24h           -0.150   -0.20   -0.820   +0.523   -1.163  +0.039    1.46  0.0774 | -0.37 -0.11 -0.44 -0.44 +0.98  1/5+
SL_L_f_tbf_24h           +0.449    1.03   +0.041   +0.869   -0.093  +0.011   -0.15  0.0661 | +0.12 +1.15 +0.79 +0.15 -0.21  4/5+
SL_L_f_vol_7d            +0.126    0.17   -0.593   +0.811   -0.920  -0.028   -2.42  0.0140 | -0.30 +0.01 +0.04 +0.13 +1.01  4/5+
SL_L_f_volq_ratio        -0.154   -0.30   -0.619   +0.335   -0.866  -0.007    1.92  0.0571 | -0.29 +0.17 +0.35 -0.06 -1.35  2/5+
SL_N_CNTSZ               -0.176   -0.34   -0.657   +0.335   -0.913  -0.006    1.09  0.0172 | -1.07 -0.40 -0.12 +0.10 +0.90  2/5+
SL_N_DSEMI               -0.322   -0.56   -0.888   +0.193   -1.129  +0.182   -0.78  0.0720 | +0.29 -0.02 -0.29 -0.47 -1.44  1/5+
SL_N_ILLQTR              -0.122   -0.24   -0.606   +0.367   -0.842  +0.160   -2.29  0.0563 | +0.24 -0.56 -0.62 -0.25 +0.98  2/5+
SL_N_JUMP                -0.003   -0.00   -0.469   +0.470   -0.765  +0.182   91.93  0.0688 | -0.55 -1.10 -0.21 +1.37 +0.65  2/5+
SL_N_QVTR                -0.140   -0.27   -0.655   +0.380   -0.816  -0.005    2.35  0.0559 | -0.17 +0.06 +0.24 -0.19 -0.90  2/5+
SL_N_ROLL                -0.336   -0.63   -0.862   +0.172   -1.104  +0.025    0.56  0.0657 | -0.26 -0.43 -0.47 -0.19 -0.32  0/5+
SL_N_RSKEW               -0.500   -0.93   -0.971   -0.004   -1.264  -0.075    0.20  0.0711 | -0.93 -0.80 -0.21 -1.04 +0.94  1/5+
SL_N_VR                  -0.022   -0.05   -0.466   +0.399   -0.632  +0.015    3.33  0.0302 | -0.43 +0.05 +0.03 -0.35 +0.85  3/5+
SL_PC_amihud_lag         +0.919    1.92   +0.448   +1.369   +0.221  +0.205   -0.05  0.0417 | +1.28 +0.78 +0.62 +0.70 +1.41  5/5+
SLm_L_f_cpos_24h         -0.384   -0.72   -0.906   +0.128   -1.175  -0.047    0.19  0.0665 | -0.66 +0.21 -0.31 -1.13 +0.11  2/5+
SLm_L_f_rev_24h          -0.491   -0.68   -1.179   +0.180   -1.470  +0.115   -0.46  0.0751 | -0.10 -0.56 -0.33 -0.58 -1.04  0/5+
SLm_L_f_volq_ratio       -0.112   -0.22   -0.613   +0.372   -0.861  +0.140   -2.49  0.0563 | +0.42 -0.52 -0.57 -0.36 +0.83  2/5+
SLm_N_CNTSZ              +0.157    0.31   -0.313   +0.628   -0.531  +0.122    1.20  0.0179 | +1.14 +0.21 +0.02 +0.01 -0.86  4/5+
SLm_N_DSEMI              -0.111   -0.20   -0.612   +0.379   -0.847  -0.060    2.35  0.0730 | -0.51 -0.51 -0.23 -0.16 +1.30  1/5+
SLm_N_QVTR               -0.189   -0.35   -0.706   +0.334   -0.893  +0.127   -1.63  0.0551 | +0.31 -0.43 -0.55 -0.43 +0.41  2/5+
SLm_N_ROLL               -0.107   -0.21   -0.608   +0.391   -0.822  +0.130   -1.75  0.0657 | +0.21 -0.06 -0.20 -0.25 -0.25  1/5+
SLm_N_RSKEW              -0.016   -0.03   -0.568   +0.485   -0.866  +0.206   -6.81  0.0706 | +0.72 +0.30 -0.24 +0.24 -1.54  3/5+
TBF_PLA_orthperm         -1.219   -2.88   -1.643   -0.793   -1.877  +0.160   -0.04  0.0909 | -0.23 -1.68 -1.28 -1.18 -1.86  0/5+
TBF_PLA_permfeat         -0.583   -1.40   -0.995   -0.188   -1.159  +0.147   -0.02  0.0909 | -0.51 -0.75 -0.63 -1.28 +0.69  1/5+
TBF_PLA_permsm           -0.512   -1.25   -0.908   -0.134   -1.094  +0.137    0.05  0.0910 | -0.13 -0.95 -0.69 -0.64 +0.08  1/5+
TBF_PLA_relabel          +0.079    0.16   -0.387   +0.572   -0.598  +0.146    0.62  0.0335 | +0.26 -0.77 +0.41 +0.45 +0.04  4/5+
TBF_ema02                +0.605    1.41   +0.182   +1.022   +0.035  +0.006   -0.11  0.0554 | +0.58 +1.04 +0.93 -0.04 +0.45  4/5+
TBF_ema04                +0.588    1.38   +0.163   +0.994   -0.089  -0.007   -0.13  0.0461 | +0.65 +1.01 +0.93 -0.00 +0.24  4/5+
TBF_ema08                +0.600    1.43   +0.188   +0.995   -0.033  -0.022   -0.11  0.0348 | +0.72 +1.01 +0.98 +0.02 +0.11  5/5+
TBF_ema08_MINUS          -0.753   -1.77   -1.188   -0.365   -1.360  +0.166   -0.08  0.0347 | -0.66 -1.21 -1.12 -0.21 -0.45  0/5+
TBF_ema16                +0.522    1.25   +0.148   +0.922   -0.031  -0.051   -0.15  0.0244 | +0.61 +0.99 +0.82 +0.05 -0.04  4/5+
TBF_ema32                +0.426    1.02   +0.026   +0.811   -0.203  -0.068   -0.22  0.0169 | +0.41 +0.92 +0.56 +0.17 -0.12  4/5+
TBF_lag0                 +0.454    1.04   +0.020   +0.890   -0.139  +0.004   -0.16  0.0660 | -0.11 +1.15 +0.83 +0.33 -0.18  3/5+
TBF_lag1                 +0.449    1.03   +0.057   +0.863   -0.110  +0.011   -0.15  0.0661 | +0.12 +1.15 +0.79 +0.15 -0.21  4/5+
TBF_lag2                 +0.516    1.18   +0.111   +0.919   -0.096  +0.013   -0.12  0.0661 | +0.36 +1.09 +0.77 -0.01 +0.28  4/5+
TBF_lag3                 +0.530    1.21   +0.102   +0.953   -0.045  +0.017   -0.11  0.0661 | +0.55 +1.03 +0.78 -0.11 +0.32  4/5+

A0 reference: FULL(n=10039) +0.615 Sharpe 1.21 | R1FULL +0.663 Sharpe 1.32
